# cline: mcl /localdisk/home/s2691680/CEG/orthogroups/decrease/OrthoFinder/Results_Jan22/WorkingDirectory/OrthoFinder_graph.txt "-I" "1.4" "-o" "/localdisk/home/s2691680/CEG/orthogroups/decrease/OrthoFinder/Results_Jan22/WorkingDirectory/clusters_OrthoFinder_I1.4.txt" "-te" "1" "-V" "all"
(mclheader
mcltype matrix
dimensions 4109x1975
)
(mclmatrix
begin
0    20 27 88 107 150 164 195 198 206 225 377 378 395 455 498 776 785
       861 1020 1061 1079 1088 1107 1142 1150 1222 1297 1377 1404 1578
       1771 1818 1849 1916 1927 1933 2004 2020 2044 2125 2184 $
1    3 4 34 65 131 133 186 193 200 224 469 539 540 748 754 758 906
       967 968 1038 1039 1040 1094 1203 1383 1442 1443 1444 1907 1909
       1920 2064 2173 2174 2181 2183 $
2    31 127 178 431 537 548 574 578 972 978 983 1133 1155 1173 1185
       1786 1921 2075 2081 2082 2142 2268 2833 2855 2953 3060 3078
       3251 3802 3825 3909 3999 4016 $
3    7 56 241 453 1426 1530 1701 1776 1854 1996 2090 2532 2687 3491
       3650 $
4    26 76 359 551 568 572 759 777 1394 1434 1893 1980 1995 2000 $
5    779 947 1014 1879 1992 2005 2313 3043 3298 3981 4007 $
6    55 240 452 523 1132 1529 1702 1997 2688 3651 $
7    277 653 704 1328 1370 1706 2263 2498 3246 3469 $
8    722 942 1064 1777 1919 1956 2105 3124 4061 $
9    1180 1199 1659 2540 2733 2777 3695 3736 3749 $
10   36 857 1156 1157 2034 2819 3270 3783 $
11   53 423 424 852 1553 1998 2179 3083 $
12   125 1385 1593 1875 2623 2839 3590 3809 $
13   205 721 1517 2428 2808 2911 3767 3869 $
14   567 712 944 1188 2637 3020 3602 3960 $
15   746 1017 1041 1165 1724 2169 2713 3676 $
16   1174 1403 1604 1759 2648 2738 3612 3700 $
17   91 926 932 2497 2936 3467 3893 $
18   208 357 358 384 1432 1521 1585 $
19   11 362 2198 2706 3174 3669 $
20   181 1518 2465 2722 3441 3685 $
21   223 1619 1698 1867 1876 3272 $
22   263 705 1189 2304 2635 3288 $
23   264 715 2663 2921 3627 3878 $
24   279 291 2346 2930 3329 3887 $
25   382 1191 2471 2475 3445 3449 $
26   387 725 2463 2850 3439 3820 $
27   412 1111 2903 3015 3860 3956 $
28   468 1382 2525 3109 3498 4045 $
29   474 995 2517 3073 3488 4012 $
30   553 1492 1667 1668 1782 1900 $
31   589 1194 2765 3053 3726 3990 $
32   626 2380 2381 2382 3362 3363 $
33   714 1941 2709 3101 3672 4036 $
34   716 1634 2396 2616 3375 3583 $
35   726 1738 2333 2736 3318 3698 $
36   912 1497 2449 2454 3423 3428 $
37   916 1951 3036 3106 3975 4041 $
38   953 1340 1498 2145 2450 3424 $
39   954 993 1179 1546 2387 3367 $
40   1168 2147 3032 3117 3972 4053 $
41   1460 1507 1515 1677 1685 1687 $
42   1555 1556 2583 3070 3554 4009 $
43   1599 1601 1679 1792 1793 2995 $
44   50 632 2028 2595 3562 $
45   62 828 853 2421 3402 $
46   92 324 876 2656 3620 $
47   187 905 1202 2524 3499 $
48   243 1863 1864 2255 3239 $
49   356 383 1433 1522 1584 $
50   432 433 1172 2952 3908 $
51   560 1631 2467 2910 3867 $
52   565 1632 2618 2647 3585 $
53   728 751 755 1271 1474 $
54   870 2520 2715 3503 3678 $
55   871 1109 2010 2519 3504 $
56   920 921 2479 3024 3964 $
57   943 1099 1228 2506 3478 $
58   959 1453 2135 2949 3905 $
59   1048 1567 2042 2492 3463 $
60   1068 1256 1669 3063 4002 $
61   1252 1540 1899 2214 3190 $
62   1344 1716 1953 3114 4050 $
63   1463 1467 1468 1469 1471 $
64   1954 2969 2978 3925 3934 $
65   35 628 2731 3693 $
66   60 830 2423 3404 $
67   69 355 2634 3601 $
68   79 924 1461 1490 $
69   108 1384 2900 3858 $
70   120 770 860 1884 $
71   126 210 2489 3460 $
72   159 1162 2822 3786 $
73   162 787 2571 3541 $
74   219 1557 2300 3284 $
75   227 1255 2860 3830 $
76   249 639 1723 1748 $
77   266 1161 2299 3283 $
78   319 720 2262 3245 $
79   320 385 2771 3733 $
80   350 2218 2869 3195 $
81   361 1988 2584 3555 $
82   386 1544 2905 3862 $
83   402 1178 2385 3366 $
84   420 428 2827 3796 $
85   421 427 2828 3797 $
86   441 1790 3155 4090 $
87   471 1314 2862 3832 $
88   497 1928 2522 3501 $
89   500 2136 2564 3534 $
90   501 504 2341 3325 $
91   513 880 2980 3936 $
92   582 1579 2875 3843 $
93   609 1874 2599 3566 $
94   612 994 2638 3603 $
95   623 1839 2806 3765 $
96   625 1605 2767 3728 $
97   661 1239 2453 3427 $
98   703 1504 2586 3557 $
99   706 1505 3116 4052 $
100  723 1343 2948 3904 $
101  729 2025 3065 4004 $
102  745 1938 2897 3855 $
103  762 1025 2215 3191 $
104  765 2236 3215 3216 $
105  769 1151 2456 3431 $
106  783 2376 2772 3734 $
107  784 1551 2748 3709 $
108  790 1739 2332 3317 $
109  803 1985 3127 4064 $
110  850 2050 2404 3383 $
111  895 1620 2847 3817 $
112  896 1621 2846 3816 $
113  899 1484 2661 3625 $
114  927 1977 2430 3405 $
115  931 1326 2280 3262 $
116  946 1090 2678 3640 $
117  970 2056 2604 3573 $
118  975 3005 3138 4074 $
119  976 1223 2963 3918 $
120  1002 1489 3062 4001 $
121  1212 2138 2658 3622 $
122  1342 1613 3018 3958 $
123  1346 1690 2989 3947 $
124  1437 2159 3140 4076 $
125  1450 1451 1462 1500 $
126  1574 2108 2834 3803 $
127  1595 1823 2244 3225 $
128  1626 1791 2511 3483 $
129  1639 1851 1855 2071 $
130  1640 1850 1856 2072 $
131  1675 1901 2605 3574 $
132  1757 2813 3750 3778 $
133  1816 2126 2946 3902 $
134  2394 2395 3373 3374 $
135  2576 3169 3547 4104 $
136  0 2196 3172 $
137  1 2197 3173 $
138  6 1425 2091 $
139  12 2199 3175 $
140  16 2642 3607 $
141  18 2641 3606 $
142  32 1152 1153 $
143  33 1154 1785 $
144  43 2269 3252 $
145  46 2379 3361 $
146  48 2794 3752 $
147  49 3055 3992 $
148  54 2982 3938 $
149  66 2711 3674 $
150  90 1666 2096 $
151  100 886 4043 $
152  110 2899 3856 $
153  111 2961 3916 $
154  115 499 3384 $
155  117 3094 4029 $
156  119 2701 3663 $
157  121 3122 4059 $
158  123 3123 4060 $
159  124 2624 3591 $
160  138 2462 3437 $
161  141 3054 3991 $
162  142 2272 3255 $
163  143 2942 3898 $
164  144 2985 3941 $
165  146 2563 3533 $
166  151 2585 3556 $
167  152 2562 3532 $
168  156 2824 3788 $
169  157 2825 3789 $
170  158 2820 3784 $
171  160 2823 3787 $
172  161 2841 3811 $
173  167 2531 3492 $
174  171 2188 3458 $
175  172 1411 2195 $
176  180 2723 3686 $
177  183 1125 2021 $
178  184 2527 3496 $
179  185 2526 3497 $
180  190 2901 3859 $
181  191 3066 4005 $
182  194 3130 4067 $
183  196 2270 3253 $
184  201 3072 4011 $
185  211 2548 3519 $
186  215 2461 3436 $
187  238 2377 3359 $
188  239 2838 3808 $
189  242 2254 3238 $
190  244 2256 3240 $
191  245 2257 3241 $
192  246 2258 3242 $
193  248 637 1725 $
194  259 2202 3178 $
195  260 2217 3193 $
196  262 3166 4101 $
197  265 3035 3974 $
198  267 2940 3896 $
199  273 2941 3897 $
200  275 2305 3289 $
201  280 2929 3886 $
202  281 2928 3885 $
203  282 2927 3884 $
204  283 2926 3883 $
205  284 2925 3882 $
206  285 2924 3881 $
207  286 2923 3880 $
208  287 2922 3879 $
209  288 2343 3326 $
210  289 2344 3327 $
211  290 2345 3328 $
212  292 2347 3330 $
213  293 2348 3331 $
214  294 2349 3332 $
215  295 2350 3333 $
216  296 2351 3334 $
217  297 2352 3335 $
218  298 2353 3336 $
219  299 2354 3337 $
220  300 2355 3338 $
221  301 2356 3339 $
222  302 2357 3340 $
223  303 2358 3341 $
224  304 2359 3342 $
225  305 2360 3343 $
226  306 2361 3344 $
227  307 2362 3345 $
228  308 2363 3346 $
229  309 2364 3347 $
230  310 2365 3348 $
231  311 2366 3349 $
232  312 2367 3350 $
233  313 2368 3351 $
234  314 2370 3353 $
235  315 2371 3354 $
236  316 2372 3355 $
237  317 2373 3356 $
238  318 2374 3357 $
239  322 2436 3410 $
240  325 2655 3619 $
241  338 2529 3494 $
242  339 3023 3963 $
243  340 3022 3962 $
244  341 2565 3535 $
245  342 2566 3536 $
246  343 2704 3666 $
247  344 2705 3667 $
248  346 3156 4091 $
249  347 3157 4092 $
250  348 3158 4093 $
251  351 2643 3608 $
252  352 2859 3829 $
253  353 2843 3813 $
254  360 2814 3779 $
255  381 2984 3940 $
256  388 2849 3819 $
257  390 2296 3280 $
258  391 3162 4097 $
259  392 3163 4098 $
260  393 3164 4099 $
261  398 3161 4096 $
262  400 3159 4094 $
263  401 2694 3762 $
264  403 2693 3656 $
265  419 3085 4020 $
266  422 2829 3798 $
267  436 2250 3231 $
268  437 3068 4006 $
269  439 1210 2592 $
270  442 3154 4089 $
271  443 3153 4088 $
272  444 3152 4087 $
273  445 3095 4030 $
274  448 2391 3370 $
275  449 2815 3780 $
276  459 3040 3980 $
277  460 3039 3979 $
278  461 2668 3630 $
279  466 467 470 $
280  473 2307 3291 $
281  477 2200 3176 $
282  479 2319 3302 $
283  480 2318 3301 $
284  482 2496 3466 $
285  490 2867 3837 $
286  491 2700 3662 $
287  492 2211 3187 $
288  493 2507 3479 $
289  494 2788 3746 $
290  496 2241 3222 $
291  506 1454 1688 $
292  527 2613 3582 $
293  530 2601 3569 $
294  531 2602 3570 $
295  532 2726 3689 $
296  534 2644 3609 $
297  541 2311 3296 $
298  543 2670 3632 $
299  546 2881 3846 $
300  557 2469 3443 $
301  561 2338 3323 $
302  562 2337 3322 $
303  563 2478 3452 $
304  564 2884 3848 $
305  566 2646 3611 $
306  569 2757 3718 $
307  570 2756 3717 $
308  571 3115 4051 $
309  573 2851 3821 $
310  580 2719 3682 $
311  583 2877 3845 $
312  586 2594 3561 $
313  587 2208 3185 $
314  588 2830 3799 $
315  590 3113 4049 $
316  592 2253 3234 $
317  593 2535 3508 $
318  594 2549 3520 $
319  595 2672 3634 $
320  596 2673 3635 $
321  597 2674 3636 $
322  599 2917 3874 $
323  600 2918 3875 $
324  601 2919 3876 $
325  602 2920 3877 $
326  605 2991 3949 $
327  606 2990 3948 $
328  608 2598 3565 $
329  613 2639 3604 $
330  614 2721 3684 $
331  615 2720 3683 $
332  616 2717 3680 $
333  617 2541 3512 $
334  618 2542 3513 $
335  620 2804 3763 $
336  624 2482 3455 $
337  630 2729 3691 $
338  631 2298 3282 $
339  633 2596 3563 $
340  634 2597 3564 $
341  645 3087 4022 $
342  646 3086 4021 $
343  647 2448 3422 $
344  648 2979 3935 $
345  707 2633 3600 $
346  708 2632 3599 $
347  709 2631 3598 $
348  710 2630 3597 $
349  711 3021 3961 $
350  713 2708 3671 $
351  718 2397 3376 $
352  719 2398 3377 $
353  730 2606 3575 $
354  732 2747 3708 $
355  733 2761 3722 $
356  734 2754 3715 $
357  735 2753 3714 $
358  737 2752 3713 $
359  738 2751 3712 $
360  763 2238 3218 $
361  764 2237 3217 $
362  766 894 3818 $
363  767 2243 3224 $
364  768 3105 4040 $
365  794 2579 3550 $
366  795 2534 3507 $
367  796 2533 3506 $
368  797 2288 3271 $
369  798 1254 3831 $
370  800 3051 3988 $
371  801 3081 4018 $
372  802 3128 4065 $
373  804 3121 4058 $
374  805 3120 4057 $
375  806 3096 4031 $
376  808 3098 4033 $
377  809 3099 4034 $
378  810 2291 3275 $
379  811 2530 3493 $
380  812 2321 3304 $
381  813 2322 3305 $
382  814 2323 3306 $
383  815 3171 4107 $
384  816 3170 4106 $
385  817 2410 3391 $
386  818 2411 3392 $
387  819 2412 3393 $
388  820 2413 3394 $
389  821 2414 3395 $
390  822 2415 3396 $
391  823 2416 3397 $
392  824 2417 3398 $
393  825 2418 3399 $
394  826 2419 3400 $
395  827 2420 3401 $
396  829 2422 3403 $
397  844 845 846 $
398  867 3149 4085 $
399  869 3150 4086 $
400  872 2937 3894 $
401  878 2983 3939 $
402  879 2981 3937 $
403  889 2555 3525 $
404  890 2554 3524 $
405  891 2553 3523 $
406  897 2845 3815 $
407  898 2660 3624 $
408  901 2707 3670 $
409  902 2329 3314 $
410  904 2140 2141 $
411  913 2516 3487 $
412  914 2335 3320 $
413  919 3025 3965 $
414  922 3013 3954 $
415  923 2286 3268 $
416  925 1082 2880 $
417  928 2536 3509 $
418  930 2559 3529 $
419  955 2545 3516 $
420  957 2951 3907 $
421  958 2950 3906 $
422  962 1990 2060 $
423  963 2401 3380 $
424  969 2476 3450 $
425  971 2603 3572 $
426  977 2962 3917 $
427  981 2741 3702 $
428  984 3059 3998 $
429  985 2312 3297 $
430  986 2742 3703 $
431  987 2743 3704 $
432  988 2744 3705 $
433  989 3052 3989 $
434  990 2206 3183 $
435  991 2205 3182 $
436  992 2204 3181 $
437  996 2746 3707 $
438  997 2745 3706 $
439  998 2400 3379 $
440  1000 2607 3576 $
441  1001 3061 4000 $
442  1013 1427 1853 $
443  1029 3047 3984 $
444  1030 2904 3861 $
445  1031 2328 3312 $
446  1032 2327 3311 $
447  1033 2326 3310 $
448  1034 2325 3309 $
449  1035 2324 3308 $
450  1036 2712 3675 $
451  1044 2438 3411 $
452  1045 2439 3412 $
453  1047 2441 3414 $
454  1056 3044 3982 $
455  1065 1904 2103 $
456  1074 2515 3486 $
457  1081 2964 3919 $
458  1084 2883 3847 $
459  1087 1798 2019 $
460  1089 2679 3641 $
461  1092 2677 3639 $
462  1093 2676 3638 $
463  1095 2791 3748 $
464  1097 2866 3836 $
465  1098 2865 3835 $
466  1103 2552 3522 $
467  1112 2958 3913 $
468  1114 2915 3872 $
469  1120 2245 3226 $
470  1121 2246 3227 $
471  1122 2247 3228 $
472  1123 2248 3229 $
473  1124 2249 3230 $
474  1127 2464 3440 $
475  1128 2609 3577 $
476  1136 3088 4023 $
477  1141 3089 4024 $
478  1143 2854 3824 $
479  1145 2336 3321 $
480  1160 2443 3416 $
481  1163 2821 3785 $
482  1170 3148 4084 $
483  1176 2383 3364 $
484  1177 2384 3365 $
485  1181 2789 3747 $
486  1190 2749 3710 $
487  1192 2768 3729 $
488  1193 2766 3727 $
489  1195 2764 3725 $
490  1196 2763 3724 $
491  1197 2735 3697 $
492  1198 2734 3696 $
493  1201 2582 3553 $
494  1207 2493 3464 $
495  1209 2868 3839 $
496  1216 2621 3588 $
497  1229 2514 3485 $
498  1232 3029 3969 $
499  1242 2574 3544 $
500  1243 2573 3543 $
501  1248 2785 3743 $
502  1251 2887 3850 $
503  1253 2619 3586 $
504  1257 3014 3955 $
505  1260 2518 3489 $
506  1261 2939 3895 $
507  1262 2807 3766 $
508  1263 2308 3292 $
509  1264 2309 3293 $
510  1268 2795 3753 $
511  1269 2528 3495 $
512  1273 2292 3276 $
513  1274 2699 3661 $
514  1275 2698 3660 $
515  1276 2697 3659 $
516  1278 2696 3658 $
517  1279 2695 3657 $
518  1280 2220 3197 $
519  1281 2221 3198 $
520  1282 2434 3408 $
521  1283 2435 3409 $
522  1284 3168 4103 $
523  1285 3167 4102 $
524  1286 2556 3526 $
525  1287 2622 3589 $
526  1289 2265 3248 $
527  1290 2840 3810 $
528  1291 2447 3421 $
529  1294 2876 3844 $
530  1295 1582 2861 $
531  1306 2890 3852 $
532  1309 2494 3465 $
533  1311 2480 3453 $
534  1312 2547 3518 $
535  1325 2892 3854 $
536  1330 3102 4037 $
537  1331 3103 4038 $
538  1332 3104 4039 $
539  1349 3028 3968 $
540  1359 2801 3758 $
541  1360 2800 3757 $
542  1361 2799 3756 $
543  1363 2798 3755 $
544  1364 2797 3754 $
545  1367 2293 3277 $
546  1371 2657 3621 $
547  1372 2665 3628 $
548  1373 2330 3315 $
549  1374 2331 3316 $
550  1375 3030 3970 $
551  1381 2934 3890 $
552  1386 2455 3430 $
553  1387 2287 3269 $
554  1388 2629 3596 $
555  1389 2472 3446 $
556  1393 2474 3448 $
557  1395 2572 3542 $
558  1396 2652 3616 $
559  1397 2651 3615 $
560  1398 2650 3614 $
561  1399 2649 3613 $
562  1400 2912 3870 $
563  1402 2770 3732 $
564  1405 2852 3822 $
565  1406 2853 3823 $
566  1407 3074 4013 $
567  1408 2538 3510 $
568  1409 2539 3511 $
569  1459 1686 2133 $
570  1487 2682 3644 $
571  1488 2675 3637 $
572  1494 2523 3500 $
573  1501 2612 3580 $
574  1502 2611 3579 $
575  1503 2408 3389 $
576  1520 2954 3910 $
577  1523 2569 3539 $
578  1524 2568 3538 $
579  1525 2567 3537 $
580  1526 2627 3594 $
581  1528 2505 3477 $
582  1536 2581 3552 $
583  1545 2826 3795 $
584  1547 2339 3324 $
585  1548 2551 3521 $
586  1550 2451 3425 $
587  1560 3069 4008 $
588  1563 2863 3833 $
589  1564 2864 3834 $
590  1566 2403 3382 $
591  1568 2399 3378 $
592  1575 1577 2107 $
593  1581 2284 3266 $
594  1587 2727 3690 $
595  1588 2988 3944 $
596  1607 2640 3605 $
597  1612 3019 3959 $
598  1614 2610 3578 $
599  1618 2444 3418 $
600  1624 2557 3527 $
601  1625 2512 3484 $
602  1627 2510 3482 $
603  1628 2907 3864 $
604  1629 2908 3865 $
605  1633 2617 3584 $
606  1635 2684 3647 $
607  1636 2685 3648 $
608  1637 2686 3649 $
609  1652 2680 3642 $
610  1653 2681 3643 $
611  1654 2689 3652 $
612  1655 2690 3653 $
613  1656 2692 3655 $
614  1660 2778 3737 $
615  1661 2779 3738 $
616  1662 2781 3739 $
617  1663 2782 3740 $
618  1664 2783 3741 $
619  1665 2784 3742 $
620  1682 2994 2996 $
621  1691 2252 3233 $
622  1695 2271 3254 $
623  1696 2378 3360 $
624  1737 2203 3180 $
625  1740 2491 3462 $
626  1744 3017 3957 $
627  1745 2625 3592 $
628  1746 2390 3369 $
629  1753 2577 3549 $
630  1754 2289 3273 $
631  1761 2669 3631 $
632  1779 2760 3721 $
633  1780 2758 3719 $
634  1794 3118 4054 $
635  1804 2295 3279 $
636  1805 2466 3442 $
637  1807 2375 3358 $
638  1808 3077 4015 $
639  1809 3058 3995 $
640  1810 3057 3994 $
641  1813 2588 3559 $
642  1814 2589 3560 $
643  1817 2945 3901 $
644  1819 2857 3827 $
645  1820 2959 3914 $
646  1824 2242 3223 $
647  1826 2240 3220 $
648  1827 2239 3219 $
649  1832 2407 3387 $
650  1835 2303 3287 $
651  1845 2290 3274 $
652  1848 3027 3967 $
653  1852 2065 2106 $
654  1860 2667 3629 $
655  1871 2473 3447 $
656  1886 3134 4071 $
657  1891 3092 4027 $
658  1895 2405 3385 $
659  1911 2913 3871 $
660  1914 3091 4026 $
661  1915 3090 4025 $
662  1917 2500 3471 $
663  1922 2831 3800 $
664  1926 2521 3502 $
665  1940 2811 3776 $
666  1942 3100 4035 $
667  1943 2504 3476 $
668  1944 3079 4017 $
669  1945 2317 3300 $
670  1946 2201 3177 $
671  1948 3038 3977 $
672  1950 3037 3976 $
673  1952 3165 4100 $
674  1957 2267 3250 $
675  1958 2266 3249 $
676  1959 2235 3214 $
677  1960 2234 3212 $
678  1961 2233 3211 $
679  1962 3050 3986 $
680  1963 3049 3985 $
681  1964 3075 4014 $
682  1965 2222 3199 $
683  1966 2460 3435 $
684  1967 2933 3889 $
685  1968 2459 3434 $
686  1969 2458 3433 $
687  1970 2457 3432 $
688  1974 2645 3610 $
689  1975 2943 3899 $
690  1976 2944 3900 $
691  1983 2306 3290 $
692  1994 2227 3204 $
693  2018 2580 3551 $
694  2048 3093 4028 $
695  2054 2283 3265 $
696  2128 2703 3665 $
697  2130 2508 3480 $
698  2131 2725 3688 $
699  2132 2702 3664 $
700  2137 2560 3530 $
701  2143 2431 3406 $
702  2144 3031 3971 $
703  2148 3033 3973 $
704  2155 2264 3247 $
705  2157 3126 4063 $
706  2158 3139 4075 $
707  2160 3141 4077 $
708  2161 3142 4078 $
709  2162 3143 4079 $
710  2163 3144 4080 $
711  2164 3145 4081 $
712  2165 3146 4082 $
713  2166 3147 4083 $
714  2171 2259 3243 $
715  2185 2626 3593 $
716  2189 3111 4047 $
717  2191 3135 4072 $
718  2192 3133 4070 $
719  2193 3132 4069 $
720  2485 3108 4044 $
721  2967 3793 3923 $
722  2971 3791 3927 $
723  29 1211 $
724  70 98 $
725  72 96 $
726  74 94 $
727  75 93 $
728  77 2432 $
729  78 3034 $
730  82 87 $
731  86 326 $
732  109 2041 $
733  170 3617 $
734  189 2388 $
735  204 2429 $
736  209 2134 $
737  218 517 $
738  220 1883 $
739  232 3042 $
740  233 909 $
741  234 910 $
742  250 640 $
743  271 1758 $
744  278 1729 $
745  349 2209 $
746  363 373 $
747  375 1645 $
748  376 1646 $
749  405 1219 $
750  407 649 $
751  409 4108 $
752  415 1316 $
753  425 838 $
754  426 839 $
755  438 3067 $
756  451 2426 $
757  454 1870 $
758  458 1924 $
759  464 3429 $
760  472 1552 $
761  483 2495 $
762  486 887 $
763  488 1841 $
764  489 1842 $
765  503 2998 $
766  520 3761 $
767  528 3581 $
768  535 536 $
769  552 949 $
770  577 579 $
771  584 2878 $
772  585 2593 $
773  607 1508 $
774  627 951 $
775  644 2636 $
776  650 2389 $
777  702 2342 $
778  727 3474 $
779  750 1610 $
780  761 2774 $
781  771 1932 $
782  774 1795 $
783  781 966 $
784  786 788 $
785  832 2116 $
786  842 843 $
787  855 1783 $
788  858 1234 $
789  893 3505 $
790  936 2104 $
791  964 2043 $
792  999 2886 $
793  1037 1390 $
794  1086 2386 $
795  1104 2059 $
796  1110 3016 $
797  1126 1292 $
798  1134 1135 $
799  1144 2740 $
800  1159 2816 $
801  1175 3417 $
802  1183 1299 $
803  1184 1298 $
804  1221 2074 $
805  1230 3945 $
806  1231 3946 $
807  1235 3388 $
808  1258 3838 $
809  1296 2487 $
810  1304 1775 $
811  1333 3868 $
812  1334 3313 $
813  1337 1905 $
814  1347 1796 $
815  1351 1869 $
816  1352 2047 $
817  1366 3137 $
818  1376 4056 $
819  1380 3731 $
820  1401 2769 $
821  1412 1713 $
822  1413 2003 $
823  1414 2002 $
824  1415 2007 $
825  1417 1873 $
826  1424 1857 $
827  1446 2127 $
828  1478 1843 $
829  1482 1692 $
830  1483 2590 $
831  1509 3012 $
832  1534 3076 $
833  1561 3545 $
834  1570 2112 $
835  1571 2111 $
836  1572 2110 $
837  1573 2109 $
838  1576 2102 $
839  1591 2591 $
840  1596 1714 $
841  1597 3080 $
842  1617 2870 $
843  1650 2614 $
844  1651 2615 $
845  1673 2993 $
846  1676 3009 $
847  1678 3008 $
848  1689 2882 $
849  1700 1880 $
850  1705 2550 $
851  1736 3179 $
852  1752 2578 $
853  1788 1789 $
854  1821 3285 $
855  1828 1885 $
856  1831 3996 $
857  1866 1993 $
858  1877 2775 $
859  1936 2895 $
860  1937 2896 $
861  1947 2902 $
862  1955 3294 $
863  2001 2152 $
864  2015 2513 $
865  2052 2796 $
866  2053 3048 $
867  2068 2087 $
868  2069 2088 $
869  2070 2089 $
870  2094 2340 $
871  2118 2177 $
872  2151 3368 $
873  2170 2260 $
874  2178 3082 $
875  2207 3184 $
876  2210 3186 $
877  2212 3188 $
878  2213 3189 $
879  2216 3192 $
880  2219 3196 $
881  2223 3200 $
882  2224 3201 $
883  2225 3202 $
884  2226 3203 $
885  2228 3205 $
886  2229 3206 $
887  2230 3207 $
888  2231 3208 $
889  2232 3210 $
890  2251 3232 $
891  2261 3244 $
892  2273 3256 $
893  2275 3257 $
894  2276 3258 $
895  2277 3259 $
896  2278 3260 $
897  2279 3261 $
898  2281 3263 $
899  2282 3264 $
900  2294 3278 $
901  2297 3281 $
902  2302 3286 $
903  2310 3295 $
904  2320 3303 $
905  2334 3319 $
906  2369 3352 $
907  2392 3371 $
908  2393 3372 $
909  2402 3381 $
910  2406 3386 $
911  2409 3390 $
912  2440 3413 $
913  2442 3415 $
914  2445 3419 $
915  2446 3420 $
916  2452 3426 $
917  2477 3451 $
918  2481 3454 $
919  2483 3456 $
920  2484 3457 $
921  2488 3459 $
922  2490 3461 $
923  2499 3470 $
924  2501 3472 $
925  2502 3473 $
926  2503 3475 $
927  2509 3481 $
928  2543 3514 $
929  2544 3515 $
930  2546 3517 $
931  2558 3528 $
932  2561 3531 $
933  2570 3540 $
934  2575 3546 $
935  2587 3558 $
936  2600 3567 $
937  2620 3587 $
938  2628 3595 $
939  2653 3618 $
940  2659 3623 $
941  2662 3626 $
942  2671 3633 $
943  2691 3654 $
944  2710 3673 $
945  2714 3677 $
946  2716 3679 $
947  2718 3681 $
948  2724 3687 $
949  2730 3692 $
950  2732 3694 $
951  2737 3699 $
952  2739 3701 $
953  2750 3711 $
954  2755 3716 $
955  2759 3720 $
956  2762 3723 $
957  2776 3735 $
958  2786 3744 $
959  2787 3745 $
960  2792 3751 $
961  2802 3759 $
962  2803 3760 $
963  2805 3764 $
964  2809 3774 $
965  2810 3775 $
966  2812 3777 $
967  2817 3781 $
968  2818 3782 $
969  2832 3801 $
970  2835 3805 $
971  2836 3806 $
972  2837 3807 $
973  2842 3812 $
974  2844 3814 $
975  2856 3826 $
976  2858 3828 $
977  2871 3840 $
978  2873 3841 $
979  2874 3842 $
980  2885 3849 $
981  2888 3851 $
982  2891 3853 $
983  2906 3863 $
984  2909 3866 $
985  2916 3873 $
986  2931 3888 $
987  2935 3891 $
988  2947 3903 $
989  2955 3911 $
990  2956 3912 $
991  2960 3915 $
992  2965 3921 $
993  2966 3922 $
994  2968 3924 $
995  2970 3926 $
996  2972 3928 $
997  2973 3929 $
998  2974 3930 $
999  2975 3931 $
1000 2976 3932 $
1001 2977 3933 $
1002 2986 3942 $
1003 2987 3943 $
1004 3010 3950 $
1005 3011 3952 $
1006 3026 3966 $
1007 3046 3983 $
1008 3056 3993 $
1009 3064 4003 $
1010 3071 4010 $
1011 3084 4019 $
1012 3097 4032 $
1013 3107 4042 $
1014 3110 4046 $
1015 3112 4048 $
1016 3119 4055 $
1017 3125 4062 $
1018 3129 4066 $
1019 3131 4068 $
1020 3136 4073 $
1021 3160 4095 $
1022 2 $
1023 5 $
1024 8 $
1025 9 $
1026 10 $
1027 13 $
1028 14 $
1029 15 $
1030 17 $
1031 19 $
1032 21 $
1033 22 $
1034 23 $
1035 24 $
1036 25 $
1037 28 $
1038 30 $
1039 37 $
1040 38 $
1041 39 $
1042 40 $
1043 41 $
1044 42 $
1045 44 $
1046 45 $
1047 47 $
1048 51 $
1049 52 $
1050 57 $
1051 58 $
1052 59 $
1053 61 $
1054 63 $
1055 64 $
1056 67 $
1057 68 $
1058 71 $
1059 73 $
1060 80 $
1061 81 $
1062 83 $
1063 84 $
1064 85 $
1065 89 $
1066 95 $
1067 97 $
1068 99 $
1069 101 $
1070 102 $
1071 103 $
1072 104 $
1073 105 $
1074 106 $
1075 112 $
1076 113 $
1077 114 $
1078 116 $
1079 118 $
1080 122 $
1081 128 $
1082 129 $
1083 130 $
1084 132 $
1085 134 $
1086 135 $
1087 136 $
1088 137 $
1089 139 $
1090 140 $
1091 145 $
1092 147 $
1093 148 $
1094 149 $
1095 153 $
1096 154 $
1097 155 $
1098 163 $
1099 165 $
1100 166 $
1101 168 $
1102 169 $
1103 173 $
1104 174 $
1105 175 $
1106 176 $
1107 177 $
1108 179 $
1109 182 $
1110 188 $
1111 192 $
1112 197 $
1113 199 $
1114 202 $
1115 203 $
1116 207 $
1117 212 $
1118 213 $
1119 214 $
1120 216 $
1121 217 $
1122 221 $
1123 222 $
1124 226 $
1125 228 $
1126 229 $
1127 230 $
1128 231 $
1129 235 $
1130 236 $
1131 237 $
1132 247 $
1133 251 $
1134 252 $
1135 253 $
1136 254 $
1137 255 $
1138 256 $
1139 257 $
1140 258 $
1141 261 $
1142 268 $
1143 269 $
1144 270 $
1145 272 $
1146 274 $
1147 276 $
1148 321 $
1149 323 $
1150 327 $
1151 328 $
1152 329 $
1153 330 $
1154 331 $
1155 332 $
1156 333 $
1157 334 $
1158 335 $
1159 336 $
1160 337 $
1161 345 $
1162 354 $
1163 364 $
1164 365 $
1165 366 $
1166 367 $
1167 368 $
1168 369 $
1169 370 $
1170 371 $
1171 372 $
1172 374 $
1173 379 $
1174 380 $
1175 389 $
1176 394 $
1177 396 $
1178 397 $
1179 399 $
1180 404 $
1181 406 $
1182 408 $
1183 410 $
1184 411 $
1185 413 $
1186 414 $
1187 416 $
1188 417 $
1189 418 $
1190 429 $
1191 430 $
1192 434 $
1193 435 $
1194 440 $
1195 446 $
1196 447 $
1197 450 $
1198 456 $
1199 457 $
1200 462 $
1201 463 $
1202 465 $
1203 475 $
1204 476 $
1205 478 $
1206 481 $
1207 484 $
1208 485 $
1209 487 $
1210 495 $
1211 502 $
1212 505 $
1213 507 $
1214 508 $
1215 509 $
1216 510 $
1217 511 $
1218 512 $
1219 514 $
1220 515 $
1221 516 $
1222 518 $
1223 519 $
1224 521 $
1225 522 $
1226 524 $
1227 525 $
1228 526 $
1229 529 $
1230 533 $
1231 538 $
1232 542 $
1233 544 $
1234 545 $
1235 547 $
1236 549 $
1237 550 $
1238 554 $
1239 555 $
1240 556 $
1241 558 $
1242 559 $
1243 575 $
1244 576 $
1245 581 $
1246 591 $
1247 598 $
1248 603 $
1249 604 $
1250 610 $
1251 611 $
1252 619 $
1253 621 $
1254 622 $
1255 629 $
1256 635 $
1257 636 $
1258 638 $
1259 641 $
1260 642 $
1261 643 $
1262 651 $
1263 652 $
1264 654 $
1265 655 $
1266 656 $
1267 657 $
1268 658 $
1269 659 $
1270 660 $
1271 662 $
1272 663 $
1273 664 $
1274 665 $
1275 666 $
1276 667 $
1277 668 $
1278 669 $
1279 670 $
1280 671 $
1281 672 $
1282 673 $
1283 674 $
1284 675 $
1285 676 $
1286 677 $
1287 678 $
1288 679 $
1289 680 $
1290 681 $
1291 682 $
1292 683 $
1293 684 $
1294 685 $
1295 686 $
1296 687 $
1297 688 $
1298 689 $
1299 690 $
1300 691 $
1301 692 $
1302 693 $
1303 694 $
1304 695 $
1305 696 $
1306 697 $
1307 698 $
1308 699 $
1309 700 $
1310 701 $
1311 717 $
1312 724 $
1313 731 $
1314 736 $
1315 739 $
1316 740 $
1317 741 $
1318 742 $
1319 743 $
1320 744 $
1321 747 $
1322 749 $
1323 752 $
1324 753 $
1325 756 $
1326 757 $
1327 760 $
1328 772 $
1329 773 $
1330 775 $
1331 778 $
1332 780 $
1333 782 $
1334 789 $
1335 791 $
1336 792 $
1337 793 $
1338 799 $
1339 807 $
1340 831 $
1341 833 $
1342 834 $
1343 835 $
1344 836 $
1345 837 $
1346 840 $
1347 841 $
1348 847 $
1349 848 $
1350 849 $
1351 851 $
1352 854 $
1353 856 $
1354 859 $
1355 862 $
1356 863 $
1357 864 $
1358 865 $
1359 866 $
1360 868 $
1361 873 $
1362 874 $
1363 875 $
1364 877 $
1365 881 $
1366 882 $
1367 883 $
1368 884 $
1369 885 $
1370 888 $
1371 892 $
1372 900 $
1373 903 $
1374 907 $
1375 908 $
1376 911 $
1377 915 $
1378 917 $
1379 918 $
1380 929 $
1381 933 $
1382 934 $
1383 935 $
1384 937 $
1385 938 $
1386 939 $
1387 940 $
1388 941 $
1389 945 $
1390 948 $
1391 950 $
1392 952 $
1393 956 $
1394 960 $
1395 961 $
1396 965 $
1397 973 $
1398 974 $
1399 979 $
1400 980 $
1401 982 $
1402 1003 $
1403 1004 $
1404 1005 $
1405 1006 $
1406 1007 $
1407 1008 $
1408 1009 $
1409 1010 $
1410 1011 $
1411 1012 $
1412 1015 $
1413 1016 $
1414 1018 $
1415 1019 $
1416 1021 $
1417 1022 $
1418 1023 $
1419 1024 $
1420 1026 $
1421 1027 $
1422 1028 $
1423 1042 $
1424 1043 $
1425 1046 $
1426 1049 $
1427 1050 $
1428 1051 $
1429 1052 $
1430 1053 $
1431 1054 $
1432 1055 $
1433 1057 $
1434 1058 $
1435 1059 $
1436 1060 $
1437 1062 $
1438 1063 $
1439 1066 $
1440 1067 $
1441 1069 $
1442 1070 $
1443 1071 $
1444 1072 $
1445 1073 $
1446 1075 $
1447 1076 $
1448 1077 $
1449 1078 $
1450 1080 $
1451 1083 $
1452 1085 $
1453 1091 $
1454 1096 $
1455 1100 $
1456 1101 $
1457 1102 $
1458 1105 $
1459 1106 $
1460 1108 $
1461 1113 $
1462 1115 $
1463 1116 $
1464 1117 $
1465 1118 $
1466 1119 $
1467 1129 $
1468 1130 $
1469 1131 $
1470 1137 $
1471 1138 $
1472 1139 $
1473 1140 $
1474 1146 $
1475 1147 $
1476 1148 $
1477 1149 $
1478 1158 $
1479 1164 $
1480 1166 $
1481 1167 $
1482 1169 $
1483 1171 $
1484 1182 $
1485 1186 $
1486 1187 $
1487 1200 $
1488 1204 $
1489 1205 $
1490 1206 $
1491 1208 $
1492 1213 $
1493 1214 $
1494 1215 $
1495 1217 $
1496 1218 $
1497 1220 $
1498 1224 $
1499 1225 $
1500 1226 $
1501 1227 $
1502 1233 $
1503 1236 $
1504 1237 $
1505 1238 $
1506 1240 $
1507 1241 $
1508 1244 $
1509 1245 $
1510 1246 $
1511 1247 $
1512 1249 $
1513 1250 $
1514 1259 $
1515 1265 $
1516 1266 $
1517 1267 $
1518 1270 $
1519 1272 $
1520 1277 $
1521 1288 $
1522 1293 $
1523 1300 $
1524 1301 $
1525 1302 $
1526 1303 $
1527 1305 $
1528 1307 $
1529 1308 $
1530 1310 $
1531 1313 $
1532 1315 $
1533 1317 $
1534 1318 $
1535 1319 $
1536 1320 $
1537 1321 $
1538 1322 $
1539 1323 $
1540 1324 $
1541 1327 $
1542 1329 $
1543 1335 $
1544 1336 $
1545 1338 $
1546 1339 $
1547 1341 $
1548 1345 $
1549 1348 $
1550 1350 $
1551 1353 $
1552 1354 $
1553 1355 $
1554 1356 $
1555 1357 $
1556 1358 $
1557 1362 $
1558 1365 $
1559 1368 $
1560 1369 $
1561 1378 $
1562 1379 $
1563 1391 $
1564 1392 $
1565 1410 $
1566 1416 $
1567 1418 $
1568 1419 $
1569 1420 $
1570 1421 $
1571 1422 $
1572 1423 $
1573 1428 $
1574 1429 $
1575 1430 $
1576 1431 $
1577 1435 $
1578 1436 $
1579 1438 $
1580 1439 $
1581 1440 $
1582 1441 $
1583 1445 $
1584 1447 $
1585 1448 $
1586 1449 $
1587 1452 $
1588 1455 $
1589 1456 $
1590 1457 $
1591 1458 $
1592 1464 $
1593 1465 $
1594 1466 $
1595 1470 $
1596 1472 $
1597 1473 $
1598 1475 $
1599 1476 $
1600 1477 $
1601 1479 $
1602 1480 $
1603 1481 $
1604 1485 $
1605 1486 $
1606 1491 $
1607 1493 $
1608 1495 $
1609 1496 $
1610 1499 $
1611 1506 $
1612 1510 $
1613 1511 $
1614 1512 $
1615 1513 $
1616 1514 $
1617 1516 $
1618 1519 $
1619 1527 $
1620 1531 $
1621 1532 $
1622 1533 $
1623 1535 $
1624 1537 $
1625 1538 $
1626 1539 $
1627 1541 $
1628 1542 $
1629 1543 $
1630 1549 $
1631 1554 $
1632 1558 $
1633 1559 $
1634 1562 $
1635 1565 $
1636 1569 $
1637 1580 $
1638 1583 $
1639 1586 $
1640 1589 $
1641 1590 $
1642 1592 $
1643 1594 $
1644 1598 $
1645 1600 $
1646 1602 $
1647 1603 $
1648 1606 $
1649 1608 $
1650 1609 $
1651 1611 $
1652 1615 $
1653 1616 $
1654 1622 $
1655 1623 $
1656 1630 $
1657 1638 $
1658 1641 $
1659 1642 $
1660 1643 $
1661 1644 $
1662 1647 $
1663 1648 $
1664 1649 $
1665 1657 $
1666 1658 $
1667 1670 $
1668 1671 $
1669 1672 $
1670 1674 $
1671 1680 $
1672 1681 $
1673 1683 $
1674 1684 $
1675 1693 $
1676 1694 $
1677 1697 $
1678 1699 $
1679 1703 $
1680 1704 $
1681 1707 $
1682 1708 $
1683 1709 $
1684 1710 $
1685 1711 $
1686 1712 $
1687 1715 $
1688 1717 $
1689 1718 $
1690 1719 $
1691 1720 $
1692 1721 $
1693 1722 $
1694 1726 $
1695 1727 $
1696 1728 $
1697 1730 $
1698 1731 $
1699 1732 $
1700 1733 $
1701 1734 $
1702 1735 $
1703 1741 $
1704 1742 $
1705 1743 $
1706 1747 $
1707 1749 $
1708 1750 $
1709 1751 $
1710 1755 $
1711 1756 $
1712 1760 $
1713 1762 $
1714 1763 $
1715 1764 $
1716 1765 $
1717 1766 $
1718 1767 $
1719 1768 $
1720 1769 $
1721 1770 $
1722 1772 $
1723 1773 $
1724 1774 $
1725 1778 $
1726 1781 $
1727 1784 $
1728 1787 $
1729 1797 $
1730 1799 $
1731 1800 $
1732 1801 $
1733 1802 $
1734 1803 $
1735 1806 $
1736 1811 $
1737 1812 $
1738 1815 $
1739 1822 $
1740 1825 $
1741 1829 $
1742 1830 $
1743 1833 $
1744 1834 $
1745 1836 $
1746 1837 $
1747 1838 $
1748 1840 $
1749 1844 $
1750 1846 $
1751 1847 $
1752 1858 $
1753 1859 $
1754 1861 $
1755 1862 $
1756 1865 $
1757 1868 $
1758 1872 $
1759 1878 $
1760 1881 $
1761 1882 $
1762 1887 $
1763 1888 $
1764 1889 $
1765 1890 $
1766 1892 $
1767 1894 $
1768 1896 $
1769 1897 $
1770 1898 $
1771 1902 $
1772 1903 $
1773 1906 $
1774 1908 $
1775 1910 $
1776 1912 $
1777 1913 $
1778 1918 $
1779 1923 $
1780 1925 $
1781 1929 $
1782 1930 $
1783 1931 $
1784 1934 $
1785 1935 $
1786 1939 $
1787 1949 $
1788 1971 $
1789 1972 $
1790 1973 $
1791 1978 $
1792 1979 $
1793 1981 $
1794 1982 $
1795 1984 $
1796 1986 $
1797 1987 $
1798 1989 $
1799 1991 $
1800 1999 $
1801 2006 $
1802 2008 $
1803 2009 $
1804 2011 $
1805 2012 $
1806 2013 $
1807 2014 $
1808 2016 $
1809 2017 $
1810 2022 $
1811 2023 $
1812 2024 $
1813 2026 $
1814 2027 $
1815 2029 $
1816 2030 $
1817 2031 $
1818 2032 $
1819 2033 $
1820 2035 $
1821 2036 $
1822 2037 $
1823 2038 $
1824 2039 $
1825 2040 $
1826 2045 $
1827 2046 $
1828 2049 $
1829 2051 $
1830 2055 $
1831 2057 $
1832 2058 $
1833 2061 $
1834 2062 $
1835 2063 $
1836 2066 $
1837 2067 $
1838 2073 $
1839 2076 $
1840 2077 $
1841 2078 $
1842 2079 $
1843 2080 $
1844 2083 $
1845 2084 $
1846 2085 $
1847 2086 $
1848 2092 $
1849 2093 $
1850 2095 $
1851 2097 $
1852 2098 $
1853 2099 $
1854 2100 $
1855 2101 $
1856 2113 $
1857 2114 $
1858 2115 $
1859 2117 $
1860 2119 $
1861 2120 $
1862 2121 $
1863 2122 $
1864 2123 $
1865 2124 $
1866 2129 $
1867 2139 $
1868 2146 $
1869 2149 $
1870 2150 $
1871 2153 $
1872 2154 $
1873 2156 $
1874 2167 $
1875 2168 $
1876 2172 $
1877 2175 $
1878 2176 $
1879 2180 $
1880 2182 $
1881 2186 $
1882 2187 $
1883 2190 $
1884 2194 $
1885 2274 $
1886 2285 $
1887 2301 $
1888 2314 $
1889 2315 $
1890 2316 $
1891 2424 $
1892 2425 $
1893 2427 $
1894 2433 $
1895 2437 $
1896 2468 $
1897 2470 $
1898 2486 $
1899 2537 $
1900 2608 $
1901 2654 $
1902 2664 $
1903 2666 $
1904 2683 $
1905 2728 $
1906 2773 $
1907 2780 $
1908 2790 $
1909 2793 $
1910 2848 $
1911 2872 $
1912 2879 $
1913 2889 $
1914 2893 $
1915 2894 $
1916 2898 $
1917 2914 $
1918 2932 $
1919 2938 $
1920 2957 $
1921 2992 $
1922 2997 $
1923 2999 $
1924 3000 $
1925 3001 $
1926 3002 $
1927 3003 $
1928 3004 $
1929 3006 $
1930 3007 $
1931 3041 $
1932 3045 $
1933 3151 $
1934 3194 $
1935 3209 $
1936 3213 $
1937 3221 $
1938 3235 $
1939 3236 $
1940 3237 $
1941 3267 $
1942 3299 $
1943 3307 $
1944 3407 $
1945 3438 $
1946 3444 $
1947 3468 $
1948 3490 $
1949 3548 $
1950 3568 $
1951 3571 $
1952 3645 $
1953 3646 $
1954 3668 $
1955 3730 $
1956 3768 $
1957 3769 $
1958 3770 $
1959 3771 $
1960 3772 $
1961 3773 $
1962 3790 $
1963 3792 $
1964 3794 $
1965 3804 $
1966 3857 $
1967 3892 $
1968 3920 $
1969 3951 $
1970 3953 $
1971 3978 $
1972 3987 $
1973 3997 $
1974 4105 $
)
