# cline: mcl /localdisk/home/s2691680/CEG/orthogroups/default/OrthoFinder/Results_Jan22/WorkingDirectory/OrthoFinder_graph.txt "-I" "1.5" "-o" "/localdisk/home/s2691680/CEG/orthogroups/default/OrthoFinder/Results_Jan22/WorkingDirectory/clusters_OrthoFinder_I1.5.txt" "-te" "1" "-V" "all"
(mclheader
mcltype matrix
dimensions 4109x1992
)
(mclmatrix
begin
0    20 27 88 107 150 164 195 198 206 225 377 378 395 455 498 776 785
       861 1020 1061 1079 1088 1107 1142 1150 1222 1297 1377 1404 1578
       1771 1818 1849 1916 1927 1933 2004 2020 2044 2125 2184 $
1    31 127 178 431 537 548 574 578 972 978 983 1133 1155 1173 1185
       1786 1921 2075 2081 2082 2142 2268 2833 2953 3060 3078 3251
       3802 3909 3999 4016 $
2    3 34 131 133 186 193 200 539 748 754 758 906 968 1038 1094 1203
       1442 1444 1907 2173 2181 $
3    4 65 224 469 540 905 967 1039 1040 1202 1383 1443 1909 1920 2064
       2174 2183 $
4    26 76 359 551 568 572 759 777 1394 1434 1893 1980 1995 2000 $
5    7 56 241 453 1426 1530 1701 1776 1854 1996 2090 $
6    779 947 1014 1879 1992 2005 2313 3043 3298 3981 4007 $
7    55 240 452 523 1132 1529 1702 1997 2688 3651 $
8    277 653 704 1328 1370 1706 2263 2498 3246 3469 $
9    722 942 1064 1777 1919 1956 2105 3124 4061 $
10   1180 1199 1659 2540 2733 2777 3695 3736 3749 $
11   36 857 1156 1157 2034 2819 3270 3783 $
12   53 423 424 852 1553 1998 2179 3083 $
13   205 721 1517 2428 2808 2911 3767 3869 $
14   1174 1403 1604 1759 2648 2738 3612 3700 $
15   11 362 2198 2706 3174 3669 $
16   125 1385 2623 2839 3590 3809 $
17   181 1518 2465 2722 3441 3685 $
18   263 705 1189 2304 2635 3288 $
19   264 715 2663 2921 3627 3878 $
20   279 291 2346 2930 3329 3887 $
21   382 1191 2471 2475 3445 3449 $
22   387 725 2463 2850 3439 3820 $
23   412 1111 2903 3015 3860 3956 $
24   468 1382 2525 3109 3498 4045 $
25   474 995 2517 3073 3488 4012 $
26   553 1492 1667 1668 1782 1900 $
27   589 1194 2765 3053 3726 3990 $
28   714 1941 2709 3101 3672 4036 $
29   912 1497 2449 2454 3423 3428 $
30   916 1951 3036 3106 3975 4041 $
31   953 1340 1498 2145 2450 3424 $
32   954 993 1179 1546 2387 3367 $
33   1460 1507 1515 1677 1685 1687 $
34   1555 1556 2583 3070 3554 4009 $
35   1599 1601 1679 1792 1793 2995 $
36   62 828 853 2421 3402 $
37   92 324 876 2656 3620 $
38   243 1863 1864 2255 3239 $
39   356 383 1433 1522 1584 $
40   560 1631 2467 2910 3867 $
41   565 1632 2618 2647 3585 $
42   567 712 944 3020 3960 $
43   728 751 755 1271 1474 $
44   746 1017 1165 1724 2169 $
45   870 2520 2715 3503 3678 $
46   871 1109 2010 2519 3504 $
47   920 921 2479 3024 3964 $
48   943 1099 1228 2506 3478 $
49   959 1453 2135 2949 3905 $
50   1048 1567 2042 2492 3463 $
51   1068 1256 1669 3063 4002 $
52   1252 1540 1899 2214 3190 $
53   1344 1716 1953 3114 4050 $
54   1463 1467 1468 1469 1471 $
55   35 628 2731 3693 $
56   60 830 2423 3404 $
57   69 355 2634 3601 $
58   79 924 1461 1490 $
59   91 932 2936 3893 $
60   108 1384 2900 3858 $
61   120 770 860 1884 $
62   126 210 2489 3460 $
63   159 1162 2822 3786 $
64   162 787 2571 3541 $
65   219 1557 2300 3284 $
66   223 1698 1867 1876 $
67   227 1255 2860 3830 $
68   249 639 1723 1748 $
69   266 1161 2299 3283 $
70   319 720 2262 3245 $
71   320 385 2771 3733 $
72   350 2218 2869 3195 $
73   361 1988 2584 3555 $
74   384 1432 1521 1585 $
75   386 1544 2905 3862 $
76   402 1178 2385 3366 $
77   420 428 2827 3796 $
78   421 427 2828 3797 $
79   441 1790 3155 4090 $
80   471 1314 2862 3832 $
81   497 1928 2522 3501 $
82   500 2136 2564 3534 $
83   501 504 2341 3325 $
84   513 880 2980 3936 $
85   582 1579 2875 3843 $
86   609 1874 2599 3566 $
87   612 994 2638 3603 $
88   623 1839 2806 3765 $
89   625 1605 2767 3728 $
90   626 2380 2381 3362 $
91   661 1239 2453 3427 $
92   703 1504 2586 3557 $
93   706 1505 3116 4052 $
94   723 1343 2948 3904 $
95   729 2025 3065 4004 $
96   745 1938 2897 3855 $
97   762 1025 2215 3191 $
98   765 2236 3215 3216 $
99   769 1151 2456 3431 $
100  783 2376 2772 3734 $
101  784 1551 2748 3709 $
102  790 1739 2332 3317 $
103  803 1985 3127 4064 $
104  850 2050 2404 3383 $
105  895 1620 2847 3817 $
106  896 1621 2846 3816 $
107  899 1484 2661 3625 $
108  927 1977 2430 3405 $
109  931 1326 2280 3262 $
110  946 1090 2678 3640 $
111  970 2056 2604 3573 $
112  975 3005 3138 4074 $
113  976 1223 2963 3918 $
114  1002 1489 3062 4001 $
115  1212 2138 2658 3622 $
116  1342 1613 3018 3958 $
117  1346 1690 2989 3947 $
118  1437 2159 3140 4076 $
119  1450 1451 1462 1500 $
120  1574 2108 2834 3803 $
121  1595 1823 2244 3225 $
122  1626 1791 2511 3483 $
123  1639 1851 1855 2071 $
124  1640 1850 1856 2072 $
125  1675 1901 2605 3574 $
126  1757 2813 3750 3778 $
127  1816 2126 2946 3902 $
128  2394 2395 3373 3374 $
129  2532 2687 3491 3650 $
130  0 2196 3172 $
131  1 2197 3173 $
132  6 1425 2091 $
133  12 2199 3175 $
134  16 2642 3607 $
135  18 2641 3606 $
136  32 1152 1153 $
137  33 1154 1785 $
138  43 2269 3252 $
139  46 2379 3361 $
140  48 2794 3752 $
141  49 3055 3992 $
142  54 2982 3938 $
143  66 2711 3674 $
144  90 1666 2096 $
145  100 886 4043 $
146  110 2899 3856 $
147  111 2961 3916 $
148  115 499 3384 $
149  117 3094 4029 $
150  119 2701 3663 $
151  121 3122 4059 $
152  123 3123 4060 $
153  124 2624 3591 $
154  138 2462 3437 $
155  141 3054 3991 $
156  142 2272 3255 $
157  143 2942 3898 $
158  144 2985 3941 $
159  146 2563 3533 $
160  151 2585 3556 $
161  152 2562 3532 $
162  156 2824 3788 $
163  157 2825 3789 $
164  158 2820 3784 $
165  160 2823 3787 $
166  161 2841 3811 $
167  167 2531 3492 $
168  171 2188 3458 $
169  172 1411 2195 $
170  180 2723 3686 $
171  183 1125 2021 $
172  184 2527 3496 $
173  185 2526 3497 $
174  187 2524 3499 $
175  190 2901 3859 $
176  191 3066 4005 $
177  194 3130 4067 $
178  196 2270 3253 $
179  201 3072 4011 $
180  208 357 358 $
181  211 2548 3519 $
182  215 2461 3436 $
183  238 2377 3359 $
184  239 2838 3808 $
185  242 2254 3238 $
186  244 2256 3240 $
187  245 2257 3241 $
188  246 2258 3242 $
189  248 637 1725 $
190  259 2202 3178 $
191  260 2217 3193 $
192  262 3166 4101 $
193  265 3035 3974 $
194  267 2940 3896 $
195  273 2941 3897 $
196  275 2305 3289 $
197  280 2929 3886 $
198  281 2928 3885 $
199  282 2927 3884 $
200  283 2926 3883 $
201  284 2925 3882 $
202  285 2924 3881 $
203  286 2923 3880 $
204  287 2922 3879 $
205  288 2343 3326 $
206  289 2344 3327 $
207  290 2345 3328 $
208  292 2347 3330 $
209  293 2348 3331 $
210  294 2349 3332 $
211  295 2350 3333 $
212  296 2351 3334 $
213  297 2352 3335 $
214  298 2353 3336 $
215  299 2354 3337 $
216  300 2355 3338 $
217  301 2356 3339 $
218  302 2357 3340 $
219  303 2358 3341 $
220  304 2359 3342 $
221  305 2360 3343 $
222  306 2361 3344 $
223  307 2362 3345 $
224  308 2363 3346 $
225  309 2364 3347 $
226  310 2365 3348 $
227  311 2366 3349 $
228  312 2367 3350 $
229  313 2368 3351 $
230  314 2370 3353 $
231  315 2371 3354 $
232  316 2372 3355 $
233  317 2373 3356 $
234  318 2374 3357 $
235  322 2436 3410 $
236  325 2655 3619 $
237  338 2529 3494 $
238  339 3023 3963 $
239  340 3022 3962 $
240  341 2565 3535 $
241  342 2566 3536 $
242  343 2704 3666 $
243  344 2705 3667 $
244  346 3156 4091 $
245  347 3157 4092 $
246  348 3158 4093 $
247  351 2643 3608 $
248  352 2859 3829 $
249  353 2843 3813 $
250  360 2814 3779 $
251  381 2984 3940 $
252  388 2849 3819 $
253  390 2296 3280 $
254  391 3162 4097 $
255  392 3163 4098 $
256  393 3164 4099 $
257  398 3161 4096 $
258  400 3159 4094 $
259  401 2694 3762 $
260  403 2693 3656 $
261  419 3085 4020 $
262  422 2829 3798 $
263  436 2250 3231 $
264  437 3068 4006 $
265  439 1210 2592 $
266  442 3154 4089 $
267  443 3153 4088 $
268  444 3152 4087 $
269  445 3095 4030 $
270  448 2391 3370 $
271  449 2815 3780 $
272  459 3040 3980 $
273  460 3039 3979 $
274  461 2668 3630 $
275  466 467 470 $
276  473 2307 3291 $
277  477 2200 3176 $
278  479 2319 3302 $
279  480 2318 3301 $
280  482 2496 3466 $
281  490 2867 3837 $
282  491 2700 3662 $
283  492 2211 3187 $
284  493 2507 3479 $
285  494 2788 3746 $
286  496 2241 3222 $
287  506 1454 1688 $
288  527 2613 3582 $
289  530 2601 3569 $
290  531 2602 3570 $
291  532 2726 3689 $
292  534 2644 3609 $
293  541 2311 3296 $
294  543 2670 3632 $
295  546 2881 3846 $
296  557 2469 3443 $
297  561 2338 3323 $
298  562 2337 3322 $
299  563 2478 3452 $
300  564 2884 3848 $
301  566 2646 3611 $
302  569 2757 3718 $
303  570 2756 3717 $
304  571 3115 4051 $
305  573 2851 3821 $
306  580 2719 3682 $
307  583 2877 3845 $
308  586 2594 3561 $
309  587 2208 3185 $
310  588 2830 3799 $
311  590 3113 4049 $
312  592 2253 3234 $
313  593 2535 3508 $
314  594 2549 3520 $
315  595 2672 3634 $
316  596 2673 3635 $
317  597 2674 3636 $
318  599 2917 3874 $
319  600 2918 3875 $
320  601 2919 3876 $
321  602 2920 3877 $
322  605 2991 3949 $
323  606 2990 3948 $
324  608 2598 3565 $
325  613 2639 3604 $
326  614 2721 3684 $
327  615 2720 3683 $
328  616 2717 3680 $
329  617 2541 3512 $
330  618 2542 3513 $
331  620 2804 3763 $
332  624 2482 3455 $
333  630 2729 3691 $
334  631 2298 3282 $
335  632 2595 3562 $
336  633 2596 3563 $
337  634 2597 3564 $
338  645 3087 4022 $
339  646 3086 4021 $
340  647 2448 3422 $
341  648 2979 3935 $
342  707 2633 3600 $
343  708 2632 3599 $
344  709 2631 3598 $
345  710 2630 3597 $
346  711 3021 3961 $
347  713 2708 3671 $
348  716 2396 3375 $
349  718 2397 3376 $
350  719 2398 3377 $
351  726 2736 3698 $
352  730 2606 3575 $
353  732 2747 3708 $
354  733 2761 3722 $
355  734 2754 3715 $
356  735 2753 3714 $
357  737 2752 3713 $
358  738 2751 3712 $
359  763 2238 3218 $
360  764 2237 3217 $
361  766 894 3818 $
362  767 2243 3224 $
363  768 3105 4040 $
364  794 2579 3550 $
365  795 2534 3507 $
366  796 2533 3506 $
367  797 2288 3271 $
368  798 1254 3831 $
369  800 3051 3988 $
370  801 3081 4018 $
371  802 3128 4065 $
372  804 3121 4058 $
373  805 3120 4057 $
374  806 3096 4031 $
375  808 3098 4033 $
376  809 3099 4034 $
377  810 2291 3275 $
378  811 2530 3493 $
379  812 2321 3304 $
380  813 2322 3305 $
381  814 2323 3306 $
382  815 3171 4107 $
383  816 3170 4106 $
384  817 2410 3391 $
385  818 2411 3392 $
386  819 2412 3393 $
387  820 2413 3394 $
388  821 2414 3395 $
389  822 2415 3396 $
390  823 2416 3397 $
391  824 2417 3398 $
392  825 2418 3399 $
393  826 2419 3400 $
394  827 2420 3401 $
395  829 2422 3403 $
396  844 845 846 $
397  867 3149 4085 $
398  869 3150 4086 $
399  872 2937 3894 $
400  878 2983 3939 $
401  879 2981 3937 $
402  889 2555 3525 $
403  890 2554 3524 $
404  891 2553 3523 $
405  897 2845 3815 $
406  898 2660 3624 $
407  901 2707 3670 $
408  902 2329 3314 $
409  904 2140 2141 $
410  913 2516 3487 $
411  914 2335 3320 $
412  919 3025 3965 $
413  922 3013 3954 $
414  923 2286 3268 $
415  925 1082 2880 $
416  926 2497 3467 $
417  928 2536 3509 $
418  930 2559 3529 $
419  955 2545 3516 $
420  957 2951 3907 $
421  958 2950 3906 $
422  962 1990 2060 $
423  963 2401 3380 $
424  969 2476 3450 $
425  971 2603 3572 $
426  977 2962 3917 $
427  981 2741 3702 $
428  984 3059 3998 $
429  985 2312 3297 $
430  986 2742 3703 $
431  987 2743 3704 $
432  988 2744 3705 $
433  989 3052 3989 $
434  990 2206 3183 $
435  991 2205 3182 $
436  992 2204 3181 $
437  996 2746 3707 $
438  997 2745 3706 $
439  998 2400 3379 $
440  1000 2607 3576 $
441  1001 3061 4000 $
442  1013 1427 1853 $
443  1029 3047 3984 $
444  1030 2904 3861 $
445  1031 2328 3312 $
446  1032 2327 3311 $
447  1033 2326 3310 $
448  1034 2325 3309 $
449  1035 2324 3308 $
450  1036 2712 3675 $
451  1041 2713 3676 $
452  1044 2438 3411 $
453  1045 2439 3412 $
454  1047 2441 3414 $
455  1056 3044 3982 $
456  1065 1904 2103 $
457  1074 2515 3486 $
458  1081 2964 3919 $
459  1084 2883 3847 $
460  1087 1798 2019 $
461  1089 2679 3641 $
462  1092 2677 3639 $
463  1093 2676 3638 $
464  1095 2791 3748 $
465  1097 2866 3836 $
466  1098 2865 3835 $
467  1103 2552 3522 $
468  1112 2958 3913 $
469  1114 2915 3872 $
470  1120 2245 3226 $
471  1121 2246 3227 $
472  1122 2247 3228 $
473  1123 2248 3229 $
474  1124 2249 3230 $
475  1127 2464 3440 $
476  1128 2609 3577 $
477  1136 3088 4023 $
478  1141 3089 4024 $
479  1143 2854 3824 $
480  1145 2336 3321 $
481  1160 2443 3416 $
482  1163 2821 3785 $
483  1168 3117 4053 $
484  1170 3148 4084 $
485  1172 2952 3908 $
486  1176 2383 3364 $
487  1177 2384 3365 $
488  1181 2789 3747 $
489  1188 2637 3602 $
490  1190 2749 3710 $
491  1192 2768 3729 $
492  1193 2766 3727 $
493  1195 2764 3725 $
494  1196 2763 3724 $
495  1197 2735 3697 $
496  1198 2734 3696 $
497  1201 2582 3553 $
498  1207 2493 3464 $
499  1209 2868 3839 $
500  1216 2621 3588 $
501  1229 2514 3485 $
502  1232 3029 3969 $
503  1242 2574 3544 $
504  1243 2573 3543 $
505  1248 2785 3743 $
506  1251 2887 3850 $
507  1253 2619 3586 $
508  1257 3014 3955 $
509  1260 2518 3489 $
510  1261 2939 3895 $
511  1262 2807 3766 $
512  1263 2308 3292 $
513  1264 2309 3293 $
514  1268 2795 3753 $
515  1269 2528 3495 $
516  1273 2292 3276 $
517  1274 2699 3661 $
518  1275 2698 3660 $
519  1276 2697 3659 $
520  1278 2696 3658 $
521  1279 2695 3657 $
522  1280 2220 3197 $
523  1281 2221 3198 $
524  1282 2434 3408 $
525  1283 2435 3409 $
526  1284 3168 4103 $
527  1285 3167 4102 $
528  1286 2556 3526 $
529  1287 2622 3589 $
530  1289 2265 3248 $
531  1290 2840 3810 $
532  1291 2447 3421 $
533  1294 2876 3844 $
534  1295 1582 2861 $
535  1306 2890 3852 $
536  1309 2494 3465 $
537  1311 2480 3453 $
538  1312 2547 3518 $
539  1325 2892 3854 $
540  1330 3102 4037 $
541  1331 3103 4038 $
542  1332 3104 4039 $
543  1349 3028 3968 $
544  1359 2801 3758 $
545  1360 2800 3757 $
546  1361 2799 3756 $
547  1363 2798 3755 $
548  1364 2797 3754 $
549  1367 2293 3277 $
550  1371 2657 3621 $
551  1372 2665 3628 $
552  1373 2330 3315 $
553  1374 2331 3316 $
554  1375 3030 3970 $
555  1381 2934 3890 $
556  1386 2455 3430 $
557  1387 2287 3269 $
558  1388 2629 3596 $
559  1389 2472 3446 $
560  1393 2474 3448 $
561  1395 2572 3542 $
562  1396 2652 3616 $
563  1397 2651 3615 $
564  1398 2650 3614 $
565  1399 2649 3613 $
566  1400 2912 3870 $
567  1402 2770 3732 $
568  1405 2852 3822 $
569  1406 2853 3823 $
570  1407 3074 4013 $
571  1408 2538 3510 $
572  1409 2539 3511 $
573  1459 1686 2133 $
574  1487 2682 3644 $
575  1488 2675 3637 $
576  1494 2523 3500 $
577  1501 2612 3580 $
578  1502 2611 3579 $
579  1503 2408 3389 $
580  1520 2954 3910 $
581  1523 2569 3539 $
582  1524 2568 3538 $
583  1525 2567 3537 $
584  1526 2627 3594 $
585  1528 2505 3477 $
586  1536 2581 3552 $
587  1545 2826 3795 $
588  1547 2339 3324 $
589  1548 2551 3521 $
590  1550 2451 3425 $
591  1560 3069 4008 $
592  1563 2863 3833 $
593  1564 2864 3834 $
594  1566 2403 3382 $
595  1568 2399 3378 $
596  1575 1577 2107 $
597  1581 2284 3266 $
598  1587 2727 3690 $
599  1588 2988 3944 $
600  1607 2640 3605 $
601  1612 3019 3959 $
602  1614 2610 3578 $
603  1618 2444 3418 $
604  1624 2557 3527 $
605  1625 2512 3484 $
606  1627 2510 3482 $
607  1628 2907 3864 $
608  1629 2908 3865 $
609  1633 2617 3584 $
610  1634 2616 3583 $
611  1635 2684 3647 $
612  1636 2685 3648 $
613  1637 2686 3649 $
614  1652 2680 3642 $
615  1653 2681 3643 $
616  1654 2689 3652 $
617  1655 2690 3653 $
618  1656 2692 3655 $
619  1660 2778 3737 $
620  1661 2779 3738 $
621  1662 2781 3739 $
622  1663 2782 3740 $
623  1664 2783 3741 $
624  1665 2784 3742 $
625  1682 2994 2996 $
626  1691 2252 3233 $
627  1695 2271 3254 $
628  1696 2378 3360 $
629  1737 2203 3180 $
630  1738 2333 3318 $
631  1740 2491 3462 $
632  1744 3017 3957 $
633  1745 2625 3592 $
634  1746 2390 3369 $
635  1753 2577 3549 $
636  1754 2289 3273 $
637  1761 2669 3631 $
638  1779 2760 3721 $
639  1780 2758 3719 $
640  1794 3118 4054 $
641  1804 2295 3279 $
642  1805 2466 3442 $
643  1807 2375 3358 $
644  1808 3077 4015 $
645  1809 3058 3995 $
646  1810 3057 3994 $
647  1813 2588 3559 $
648  1814 2589 3560 $
649  1817 2945 3901 $
650  1819 2857 3827 $
651  1820 2959 3914 $
652  1824 2242 3223 $
653  1826 2240 3220 $
654  1827 2239 3219 $
655  1832 2407 3387 $
656  1835 2303 3287 $
657  1845 2290 3274 $
658  1848 3027 3967 $
659  1852 2065 2106 $
660  1860 2667 3629 $
661  1871 2473 3447 $
662  1886 3134 4071 $
663  1891 3092 4027 $
664  1895 2405 3385 $
665  1911 2913 3871 $
666  1914 3091 4026 $
667  1915 3090 4025 $
668  1917 2500 3471 $
669  1922 2831 3800 $
670  1926 2521 3502 $
671  1940 2811 3776 $
672  1942 3100 4035 $
673  1943 2504 3476 $
674  1944 3079 4017 $
675  1945 2317 3300 $
676  1946 2201 3177 $
677  1948 3038 3977 $
678  1950 3037 3976 $
679  1952 3165 4100 $
680  1954 2978 3934 $
681  1957 2267 3250 $
682  1958 2266 3249 $
683  1959 2235 3214 $
684  1960 2234 3212 $
685  1961 2233 3211 $
686  1962 3050 3986 $
687  1963 3049 3985 $
688  1964 3075 4014 $
689  1965 2222 3199 $
690  1966 2460 3435 $
691  1967 2933 3889 $
692  1968 2459 3434 $
693  1969 2458 3433 $
694  1970 2457 3432 $
695  1974 2645 3610 $
696  1975 2943 3899 $
697  1976 2944 3900 $
698  1983 2306 3290 $
699  1994 2227 3204 $
700  2018 2580 3551 $
701  2048 3093 4028 $
702  2054 2283 3265 $
703  2128 2703 3665 $
704  2130 2508 3480 $
705  2131 2725 3688 $
706  2132 2702 3664 $
707  2137 2560 3530 $
708  2143 2431 3406 $
709  2144 3031 3971 $
710  2147 3032 3972 $
711  2148 3033 3973 $
712  2155 2264 3247 $
713  2157 3126 4063 $
714  2158 3139 4075 $
715  2160 3141 4077 $
716  2161 3142 4078 $
717  2162 3143 4079 $
718  2163 3144 4080 $
719  2164 3145 4081 $
720  2165 3146 4082 $
721  2166 3147 4083 $
722  2171 2259 3243 $
723  2185 2626 3593 $
724  2189 3111 4047 $
725  2191 3135 4072 $
726  2192 3133 4070 $
727  2193 3132 4069 $
728  2485 3108 4044 $
729  2967 3793 3923 $
730  2971 3791 3927 $
731  29 1211 $
732  50 2028 $
733  70 98 $
734  72 96 $
735  74 94 $
736  75 93 $
737  77 2432 $
738  78 3034 $
739  82 87 $
740  86 326 $
741  109 2041 $
742  170 3617 $
743  189 2388 $
744  204 2429 $
745  209 2134 $
746  218 517 $
747  220 1883 $
748  232 3042 $
749  233 909 $
750  234 910 $
751  250 640 $
752  271 1758 $
753  278 1729 $
754  349 2209 $
755  363 373 $
756  375 1645 $
757  376 1646 $
758  405 1219 $
759  407 649 $
760  409 4108 $
761  415 1316 $
762  425 838 $
763  426 839 $
764  432 433 $
765  438 3067 $
766  451 2426 $
767  454 1870 $
768  458 1924 $
769  464 3429 $
770  472 1552 $
771  483 2495 $
772  486 887 $
773  488 1841 $
774  489 1842 $
775  503 2998 $
776  520 3761 $
777  528 3581 $
778  535 536 $
779  552 949 $
780  577 579 $
781  584 2878 $
782  585 2593 $
783  607 1508 $
784  627 951 $
785  644 2636 $
786  650 2389 $
787  702 2342 $
788  727 3474 $
789  750 1610 $
790  761 2774 $
791  771 1932 $
792  774 1795 $
793  781 966 $
794  786 788 $
795  832 2116 $
796  842 843 $
797  855 1783 $
798  858 1234 $
799  893 3505 $
800  936 2104 $
801  964 2043 $
802  999 2886 $
803  1037 1390 $
804  1086 2386 $
805  1104 2059 $
806  1110 3016 $
807  1126 1292 $
808  1134 1135 $
809  1144 2740 $
810  1159 2816 $
811  1175 3417 $
812  1183 1299 $
813  1184 1298 $
814  1221 2074 $
815  1230 3945 $
816  1231 3946 $
817  1235 3388 $
818  1258 3838 $
819  1296 2487 $
820  1304 1775 $
821  1333 3868 $
822  1334 3313 $
823  1337 1905 $
824  1347 1796 $
825  1351 1869 $
826  1352 2047 $
827  1366 3137 $
828  1376 4056 $
829  1380 3731 $
830  1401 2769 $
831  1412 1713 $
832  1413 2003 $
833  1414 2002 $
834  1415 2007 $
835  1417 1873 $
836  1424 1857 $
837  1446 2127 $
838  1478 1843 $
839  1482 1692 $
840  1483 2590 $
841  1509 3012 $
842  1534 3076 $
843  1561 3545 $
844  1570 2112 $
845  1571 2111 $
846  1572 2110 $
847  1573 2109 $
848  1576 2102 $
849  1591 2591 $
850  1593 1875 $
851  1596 1714 $
852  1597 3080 $
853  1617 2870 $
854  1619 3272 $
855  1650 2614 $
856  1651 2615 $
857  1673 2993 $
858  1676 3009 $
859  1678 3008 $
860  1689 2882 $
861  1700 1880 $
862  1705 2550 $
863  1736 3179 $
864  1752 2578 $
865  1788 1789 $
866  1821 3285 $
867  1828 1885 $
868  1831 3996 $
869  1866 1993 $
870  1877 2775 $
871  1936 2895 $
872  1937 2896 $
873  1947 2902 $
874  1955 3294 $
875  2001 2152 $
876  2015 2513 $
877  2052 2796 $
878  2053 3048 $
879  2068 2087 $
880  2069 2088 $
881  2070 2089 $
882  2094 2340 $
883  2118 2177 $
884  2151 3368 $
885  2170 2260 $
886  2178 3082 $
887  2207 3184 $
888  2210 3186 $
889  2212 3188 $
890  2213 3189 $
891  2216 3192 $
892  2219 3196 $
893  2223 3200 $
894  2224 3201 $
895  2225 3202 $
896  2226 3203 $
897  2228 3205 $
898  2229 3206 $
899  2230 3207 $
900  2231 3208 $
901  2232 3210 $
902  2251 3232 $
903  2261 3244 $
904  2273 3256 $
905  2275 3257 $
906  2276 3258 $
907  2277 3259 $
908  2278 3260 $
909  2279 3261 $
910  2281 3263 $
911  2282 3264 $
912  2294 3278 $
913  2297 3281 $
914  2302 3286 $
915  2310 3295 $
916  2320 3303 $
917  2334 3319 $
918  2369 3352 $
919  2382 3363 $
920  2392 3371 $
921  2393 3372 $
922  2402 3381 $
923  2406 3386 $
924  2409 3390 $
925  2440 3413 $
926  2442 3415 $
927  2445 3419 $
928  2446 3420 $
929  2452 3426 $
930  2477 3451 $
931  2481 3454 $
932  2483 3456 $
933  2484 3457 $
934  2488 3459 $
935  2490 3461 $
936  2499 3470 $
937  2501 3472 $
938  2502 3473 $
939  2503 3475 $
940  2509 3481 $
941  2543 3514 $
942  2544 3515 $
943  2546 3517 $
944  2558 3528 $
945  2561 3531 $
946  2570 3540 $
947  2575 3546 $
948  2576 3169 $
949  2587 3558 $
950  2600 3567 $
951  2620 3587 $
952  2628 3595 $
953  2653 3618 $
954  2659 3623 $
955  2662 3626 $
956  2671 3633 $
957  2691 3654 $
958  2710 3673 $
959  2714 3677 $
960  2716 3679 $
961  2718 3681 $
962  2724 3687 $
963  2730 3692 $
964  2732 3694 $
965  2737 3699 $
966  2739 3701 $
967  2750 3711 $
968  2755 3716 $
969  2759 3720 $
970  2762 3723 $
971  2776 3735 $
972  2786 3744 $
973  2787 3745 $
974  2792 3751 $
975  2802 3759 $
976  2803 3760 $
977  2805 3764 $
978  2809 3774 $
979  2810 3775 $
980  2812 3777 $
981  2817 3781 $
982  2818 3782 $
983  2832 3801 $
984  2835 3805 $
985  2836 3806 $
986  2837 3807 $
987  2842 3812 $
988  2844 3814 $
989  2855 3825 $
990  2856 3826 $
991  2858 3828 $
992  2871 3840 $
993  2873 3841 $
994  2874 3842 $
995  2885 3849 $
996  2888 3851 $
997  2891 3853 $
998  2906 3863 $
999  2909 3866 $
1000 2916 3873 $
1001 2931 3888 $
1002 2935 3891 $
1003 2947 3903 $
1004 2955 3911 $
1005 2956 3912 $
1006 2960 3915 $
1007 2965 3921 $
1008 2966 3922 $
1009 2968 3924 $
1010 2969 3925 $
1011 2970 3926 $
1012 2972 3928 $
1013 2973 3929 $
1014 2974 3930 $
1015 2975 3931 $
1016 2976 3932 $
1017 2977 3933 $
1018 2986 3942 $
1019 2987 3943 $
1020 3010 3950 $
1021 3011 3952 $
1022 3026 3966 $
1023 3046 3983 $
1024 3056 3993 $
1025 3064 4003 $
1026 3071 4010 $
1027 3084 4019 $
1028 3097 4032 $
1029 3107 4042 $
1030 3110 4046 $
1031 3112 4048 $
1032 3119 4055 $
1033 3125 4062 $
1034 3129 4066 $
1035 3131 4068 $
1036 3136 4073 $
1037 3160 4095 $
1038 3547 4104 $
1039 2 $
1040 5 $
1041 8 $
1042 9 $
1043 10 $
1044 13 $
1045 14 $
1046 15 $
1047 17 $
1048 19 $
1049 21 $
1050 22 $
1051 23 $
1052 24 $
1053 25 $
1054 28 $
1055 30 $
1056 37 $
1057 38 $
1058 39 $
1059 40 $
1060 41 $
1061 42 $
1062 44 $
1063 45 $
1064 47 $
1065 51 $
1066 52 $
1067 57 $
1068 58 $
1069 59 $
1070 61 $
1071 63 $
1072 64 $
1073 67 $
1074 68 $
1075 71 $
1076 73 $
1077 80 $
1078 81 $
1079 83 $
1080 84 $
1081 85 $
1082 89 $
1083 95 $
1084 97 $
1085 99 $
1086 101 $
1087 102 $
1088 103 $
1089 104 $
1090 105 $
1091 106 $
1092 112 $
1093 113 $
1094 114 $
1095 116 $
1096 118 $
1097 122 $
1098 128 $
1099 129 $
1100 130 $
1101 132 $
1102 134 $
1103 135 $
1104 136 $
1105 137 $
1106 139 $
1107 140 $
1108 145 $
1109 147 $
1110 148 $
1111 149 $
1112 153 $
1113 154 $
1114 155 $
1115 163 $
1116 165 $
1117 166 $
1118 168 $
1119 169 $
1120 173 $
1121 174 $
1122 175 $
1123 176 $
1124 177 $
1125 179 $
1126 182 $
1127 188 $
1128 192 $
1129 197 $
1130 199 $
1131 202 $
1132 203 $
1133 207 $
1134 212 $
1135 213 $
1136 214 $
1137 216 $
1138 217 $
1139 221 $
1140 222 $
1141 226 $
1142 228 $
1143 229 $
1144 230 $
1145 231 $
1146 235 $
1147 236 $
1148 237 $
1149 247 $
1150 251 $
1151 252 $
1152 253 $
1153 254 $
1154 255 $
1155 256 $
1156 257 $
1157 258 $
1158 261 $
1159 268 $
1160 269 $
1161 270 $
1162 272 $
1163 274 $
1164 276 $
1165 321 $
1166 323 $
1167 327 $
1168 328 $
1169 329 $
1170 330 $
1171 331 $
1172 332 $
1173 333 $
1174 334 $
1175 335 $
1176 336 $
1177 337 $
1178 345 $
1179 354 $
1180 364 $
1181 365 $
1182 366 $
1183 367 $
1184 368 $
1185 369 $
1186 370 $
1187 371 $
1188 372 $
1189 374 $
1190 379 $
1191 380 $
1192 389 $
1193 394 $
1194 396 $
1195 397 $
1196 399 $
1197 404 $
1198 406 $
1199 408 $
1200 410 $
1201 411 $
1202 413 $
1203 414 $
1204 416 $
1205 417 $
1206 418 $
1207 429 $
1208 430 $
1209 434 $
1210 435 $
1211 440 $
1212 446 $
1213 447 $
1214 450 $
1215 456 $
1216 457 $
1217 462 $
1218 463 $
1219 465 $
1220 475 $
1221 476 $
1222 478 $
1223 481 $
1224 484 $
1225 485 $
1226 487 $
1227 495 $
1228 502 $
1229 505 $
1230 507 $
1231 508 $
1232 509 $
1233 510 $
1234 511 $
1235 512 $
1236 514 $
1237 515 $
1238 516 $
1239 518 $
1240 519 $
1241 521 $
1242 522 $
1243 524 $
1244 525 $
1245 526 $
1246 529 $
1247 533 $
1248 538 $
1249 542 $
1250 544 $
1251 545 $
1252 547 $
1253 549 $
1254 550 $
1255 554 $
1256 555 $
1257 556 $
1258 558 $
1259 559 $
1260 575 $
1261 576 $
1262 581 $
1263 591 $
1264 598 $
1265 603 $
1266 604 $
1267 610 $
1268 611 $
1269 619 $
1270 621 $
1271 622 $
1272 629 $
1273 635 $
1274 636 $
1275 638 $
1276 641 $
1277 642 $
1278 643 $
1279 651 $
1280 652 $
1281 654 $
1282 655 $
1283 656 $
1284 657 $
1285 658 $
1286 659 $
1287 660 $
1288 662 $
1289 663 $
1290 664 $
1291 665 $
1292 666 $
1293 667 $
1294 668 $
1295 669 $
1296 670 $
1297 671 $
1298 672 $
1299 673 $
1300 674 $
1301 675 $
1302 676 $
1303 677 $
1304 678 $
1305 679 $
1306 680 $
1307 681 $
1308 682 $
1309 683 $
1310 684 $
1311 685 $
1312 686 $
1313 687 $
1314 688 $
1315 689 $
1316 690 $
1317 691 $
1318 692 $
1319 693 $
1320 694 $
1321 695 $
1322 696 $
1323 697 $
1324 698 $
1325 699 $
1326 700 $
1327 701 $
1328 717 $
1329 724 $
1330 731 $
1331 736 $
1332 739 $
1333 740 $
1334 741 $
1335 742 $
1336 743 $
1337 744 $
1338 747 $
1339 749 $
1340 752 $
1341 753 $
1342 756 $
1343 757 $
1344 760 $
1345 772 $
1346 773 $
1347 775 $
1348 778 $
1349 780 $
1350 782 $
1351 789 $
1352 791 $
1353 792 $
1354 793 $
1355 799 $
1356 807 $
1357 831 $
1358 833 $
1359 834 $
1360 835 $
1361 836 $
1362 837 $
1363 840 $
1364 841 $
1365 847 $
1366 848 $
1367 849 $
1368 851 $
1369 854 $
1370 856 $
1371 859 $
1372 862 $
1373 863 $
1374 864 $
1375 865 $
1376 866 $
1377 868 $
1378 873 $
1379 874 $
1380 875 $
1381 877 $
1382 881 $
1383 882 $
1384 883 $
1385 884 $
1386 885 $
1387 888 $
1388 892 $
1389 900 $
1390 903 $
1391 907 $
1392 908 $
1393 911 $
1394 915 $
1395 917 $
1396 918 $
1397 929 $
1398 933 $
1399 934 $
1400 935 $
1401 937 $
1402 938 $
1403 939 $
1404 940 $
1405 941 $
1406 945 $
1407 948 $
1408 950 $
1409 952 $
1410 956 $
1411 960 $
1412 961 $
1413 965 $
1414 973 $
1415 974 $
1416 979 $
1417 980 $
1418 982 $
1419 1003 $
1420 1004 $
1421 1005 $
1422 1006 $
1423 1007 $
1424 1008 $
1425 1009 $
1426 1010 $
1427 1011 $
1428 1012 $
1429 1015 $
1430 1016 $
1431 1018 $
1432 1019 $
1433 1021 $
1434 1022 $
1435 1023 $
1436 1024 $
1437 1026 $
1438 1027 $
1439 1028 $
1440 1042 $
1441 1043 $
1442 1046 $
1443 1049 $
1444 1050 $
1445 1051 $
1446 1052 $
1447 1053 $
1448 1054 $
1449 1055 $
1450 1057 $
1451 1058 $
1452 1059 $
1453 1060 $
1454 1062 $
1455 1063 $
1456 1066 $
1457 1067 $
1458 1069 $
1459 1070 $
1460 1071 $
1461 1072 $
1462 1073 $
1463 1075 $
1464 1076 $
1465 1077 $
1466 1078 $
1467 1080 $
1468 1083 $
1469 1085 $
1470 1091 $
1471 1096 $
1472 1100 $
1473 1101 $
1474 1102 $
1475 1105 $
1476 1106 $
1477 1108 $
1478 1113 $
1479 1115 $
1480 1116 $
1481 1117 $
1482 1118 $
1483 1119 $
1484 1129 $
1485 1130 $
1486 1131 $
1487 1137 $
1488 1138 $
1489 1139 $
1490 1140 $
1491 1146 $
1492 1147 $
1493 1148 $
1494 1149 $
1495 1158 $
1496 1164 $
1497 1166 $
1498 1167 $
1499 1169 $
1500 1171 $
1501 1182 $
1502 1186 $
1503 1187 $
1504 1200 $
1505 1204 $
1506 1205 $
1507 1206 $
1508 1208 $
1509 1213 $
1510 1214 $
1511 1215 $
1512 1217 $
1513 1218 $
1514 1220 $
1515 1224 $
1516 1225 $
1517 1226 $
1518 1227 $
1519 1233 $
1520 1236 $
1521 1237 $
1522 1238 $
1523 1240 $
1524 1241 $
1525 1244 $
1526 1245 $
1527 1246 $
1528 1247 $
1529 1249 $
1530 1250 $
1531 1259 $
1532 1265 $
1533 1266 $
1534 1267 $
1535 1270 $
1536 1272 $
1537 1277 $
1538 1288 $
1539 1293 $
1540 1300 $
1541 1301 $
1542 1302 $
1543 1303 $
1544 1305 $
1545 1307 $
1546 1308 $
1547 1310 $
1548 1313 $
1549 1315 $
1550 1317 $
1551 1318 $
1552 1319 $
1553 1320 $
1554 1321 $
1555 1322 $
1556 1323 $
1557 1324 $
1558 1327 $
1559 1329 $
1560 1335 $
1561 1336 $
1562 1338 $
1563 1339 $
1564 1341 $
1565 1345 $
1566 1348 $
1567 1350 $
1568 1353 $
1569 1354 $
1570 1355 $
1571 1356 $
1572 1357 $
1573 1358 $
1574 1362 $
1575 1365 $
1576 1368 $
1577 1369 $
1578 1378 $
1579 1379 $
1580 1391 $
1581 1392 $
1582 1410 $
1583 1416 $
1584 1418 $
1585 1419 $
1586 1420 $
1587 1421 $
1588 1422 $
1589 1423 $
1590 1428 $
1591 1429 $
1592 1430 $
1593 1431 $
1594 1435 $
1595 1436 $
1596 1438 $
1597 1439 $
1598 1440 $
1599 1441 $
1600 1445 $
1601 1447 $
1602 1448 $
1603 1449 $
1604 1452 $
1605 1455 $
1606 1456 $
1607 1457 $
1608 1458 $
1609 1464 $
1610 1465 $
1611 1466 $
1612 1470 $
1613 1472 $
1614 1473 $
1615 1475 $
1616 1476 $
1617 1477 $
1618 1479 $
1619 1480 $
1620 1481 $
1621 1485 $
1622 1486 $
1623 1491 $
1624 1493 $
1625 1495 $
1626 1496 $
1627 1499 $
1628 1506 $
1629 1510 $
1630 1511 $
1631 1512 $
1632 1513 $
1633 1514 $
1634 1516 $
1635 1519 $
1636 1527 $
1637 1531 $
1638 1532 $
1639 1533 $
1640 1535 $
1641 1537 $
1642 1538 $
1643 1539 $
1644 1541 $
1645 1542 $
1646 1543 $
1647 1549 $
1648 1554 $
1649 1558 $
1650 1559 $
1651 1562 $
1652 1565 $
1653 1569 $
1654 1580 $
1655 1583 $
1656 1586 $
1657 1589 $
1658 1590 $
1659 1592 $
1660 1594 $
1661 1598 $
1662 1600 $
1663 1602 $
1664 1603 $
1665 1606 $
1666 1608 $
1667 1609 $
1668 1611 $
1669 1615 $
1670 1616 $
1671 1622 $
1672 1623 $
1673 1630 $
1674 1638 $
1675 1641 $
1676 1642 $
1677 1643 $
1678 1644 $
1679 1647 $
1680 1648 $
1681 1649 $
1682 1657 $
1683 1658 $
1684 1670 $
1685 1671 $
1686 1672 $
1687 1674 $
1688 1680 $
1689 1681 $
1690 1683 $
1691 1684 $
1692 1693 $
1693 1694 $
1694 1697 $
1695 1699 $
1696 1703 $
1697 1704 $
1698 1707 $
1699 1708 $
1700 1709 $
1701 1710 $
1702 1711 $
1703 1712 $
1704 1715 $
1705 1717 $
1706 1718 $
1707 1719 $
1708 1720 $
1709 1721 $
1710 1722 $
1711 1726 $
1712 1727 $
1713 1728 $
1714 1730 $
1715 1731 $
1716 1732 $
1717 1733 $
1718 1734 $
1719 1735 $
1720 1741 $
1721 1742 $
1722 1743 $
1723 1747 $
1724 1749 $
1725 1750 $
1726 1751 $
1727 1755 $
1728 1756 $
1729 1760 $
1730 1762 $
1731 1763 $
1732 1764 $
1733 1765 $
1734 1766 $
1735 1767 $
1736 1768 $
1737 1769 $
1738 1770 $
1739 1772 $
1740 1773 $
1741 1774 $
1742 1778 $
1743 1781 $
1744 1784 $
1745 1787 $
1746 1797 $
1747 1799 $
1748 1800 $
1749 1801 $
1750 1802 $
1751 1803 $
1752 1806 $
1753 1811 $
1754 1812 $
1755 1815 $
1756 1822 $
1757 1825 $
1758 1829 $
1759 1830 $
1760 1833 $
1761 1834 $
1762 1836 $
1763 1837 $
1764 1838 $
1765 1840 $
1766 1844 $
1767 1846 $
1768 1847 $
1769 1858 $
1770 1859 $
1771 1861 $
1772 1862 $
1773 1865 $
1774 1868 $
1775 1872 $
1776 1878 $
1777 1881 $
1778 1882 $
1779 1887 $
1780 1888 $
1781 1889 $
1782 1890 $
1783 1892 $
1784 1894 $
1785 1896 $
1786 1897 $
1787 1898 $
1788 1902 $
1789 1903 $
1790 1906 $
1791 1908 $
1792 1910 $
1793 1912 $
1794 1913 $
1795 1918 $
1796 1923 $
1797 1925 $
1798 1929 $
1799 1930 $
1800 1931 $
1801 1934 $
1802 1935 $
1803 1939 $
1804 1949 $
1805 1971 $
1806 1972 $
1807 1973 $
1808 1978 $
1809 1979 $
1810 1981 $
1811 1982 $
1812 1984 $
1813 1986 $
1814 1987 $
1815 1989 $
1816 1991 $
1817 1999 $
1818 2006 $
1819 2008 $
1820 2009 $
1821 2011 $
1822 2012 $
1823 2013 $
1824 2014 $
1825 2016 $
1826 2017 $
1827 2022 $
1828 2023 $
1829 2024 $
1830 2026 $
1831 2027 $
1832 2029 $
1833 2030 $
1834 2031 $
1835 2032 $
1836 2033 $
1837 2035 $
1838 2036 $
1839 2037 $
1840 2038 $
1841 2039 $
1842 2040 $
1843 2045 $
1844 2046 $
1845 2049 $
1846 2051 $
1847 2055 $
1848 2057 $
1849 2058 $
1850 2061 $
1851 2062 $
1852 2063 $
1853 2066 $
1854 2067 $
1855 2073 $
1856 2076 $
1857 2077 $
1858 2078 $
1859 2079 $
1860 2080 $
1861 2083 $
1862 2084 $
1863 2085 $
1864 2086 $
1865 2092 $
1866 2093 $
1867 2095 $
1868 2097 $
1869 2098 $
1870 2099 $
1871 2100 $
1872 2101 $
1873 2113 $
1874 2114 $
1875 2115 $
1876 2117 $
1877 2119 $
1878 2120 $
1879 2121 $
1880 2122 $
1881 2123 $
1882 2124 $
1883 2129 $
1884 2139 $
1885 2146 $
1886 2149 $
1887 2150 $
1888 2153 $
1889 2154 $
1890 2156 $
1891 2167 $
1892 2168 $
1893 2172 $
1894 2175 $
1895 2176 $
1896 2180 $
1897 2182 $
1898 2186 $
1899 2187 $
1900 2190 $
1901 2194 $
1902 2274 $
1903 2285 $
1904 2301 $
1905 2314 $
1906 2315 $
1907 2316 $
1908 2424 $
1909 2425 $
1910 2427 $
1911 2433 $
1912 2437 $
1913 2468 $
1914 2470 $
1915 2486 $
1916 2537 $
1917 2608 $
1918 2654 $
1919 2664 $
1920 2666 $
1921 2683 $
1922 2728 $
1923 2773 $
1924 2780 $
1925 2790 $
1926 2793 $
1927 2848 $
1928 2872 $
1929 2879 $
1930 2889 $
1931 2893 $
1932 2894 $
1933 2898 $
1934 2914 $
1935 2932 $
1936 2938 $
1937 2957 $
1938 2992 $
1939 2997 $
1940 2999 $
1941 3000 $
1942 3001 $
1943 3002 $
1944 3003 $
1945 3004 $
1946 3006 $
1947 3007 $
1948 3041 $
1949 3045 $
1950 3151 $
1951 3194 $
1952 3209 $
1953 3213 $
1954 3221 $
1955 3235 $
1956 3236 $
1957 3237 $
1958 3267 $
1959 3299 $
1960 3307 $
1961 3407 $
1962 3438 $
1963 3444 $
1964 3468 $
1965 3490 $
1966 3548 $
1967 3568 $
1968 3571 $
1969 3645 $
1970 3646 $
1971 3668 $
1972 3730 $
1973 3768 $
1974 3769 $
1975 3770 $
1976 3771 $
1977 3772 $
1978 3773 $
1979 3790 $
1980 3792 $
1981 3794 $
1982 3804 $
1983 3857 $
1984 3892 $
1985 3920 $
1986 3951 $
1987 3953 $
1988 3978 $
1989 3987 $
1990 3997 $
1991 4105 $
)
